UNITS MM,10000;
EDIT proj;
ADD P2 :W0.000000  3.9263,-0.6206 17.0518,-0.6206 17.0518,0.6206 3.9263,0.6206;
ADD P2 :W0.000000  3.9263,-2.2052 17.0518,-2.2052 17.0518,-0.9641 3.9263,-0.9641;
ADD P2 :W0.000000  17.0518,0.6206 17.0518,-0.6206 18.8706,1.1982 17.6295,1.1982 17.6295,0.6206;
ADD P2 :W0.000000  17.6294,10.0363 17.6294,1.1982 18.8706,1.1982 18.8706,10.0363;
ADD P2 :W0.000000  17.6294,-2.7829 18.8706,-2.7829 17.0518,-0.9641 17.0518,-2.2052 17.6294,-2.2052;
ADD P2 :W0.000000  17.6294,-2.7829 17.6294,-11.6210 18.8706,-11.6210 18.8706,-2.7829;
ADD P2 :W0.000000  3.3487,1.1982 2.1075,1.1982 3.9263,-0.6206 3.9263,0.6205 3.3487,0.6205;
ADD P2 :W0.000000  2.1075,10.0363 2.1075,1.1982 3.3487,1.1982 3.3487,10.0363;
ADD P2 :W0.000000  3.9263,-2.2053 3.9263,-0.9641 2.1075,-2.7829 3.3486,-2.7829 3.3486,-2.2053;
ADD P2 :W0.000000  2.1075,-2.7829 2.1075,-11.6210 3.3487,-11.6210 3.3487,-2.7829;
SAVE;
