UNITS MM,10000;
EDIT proj;
ADD P2 :W0.000000  -1.1034,0.0000 1.1034,0.0000 -1.5854,2.6888 -1.5854,0.4819 -1.1034,0.4819;
ADD P2 :W0.000000  -1.1034,0.0000 -1.1034,-7.0000 1.1034,-7.0000 1.1034,0.0000;
ADD P2 :W0.000000  -18.6372,3.0353 -1.5854,3.0353 -1.5854,5.2421 -18.6372,5.2421;
ADD P2 :W0.000000  -18.6372,0.4820 -1.5854,0.4820 -1.5854,2.6889 -18.6372,2.6889;
ADD P2 :W0.000000  -19.1192,5.7241 -21.3260,5.7241 -18.6372,3.0353 -18.6372,5.2422 -19.1192,5.2422;
ADD P2 :W0.000000  -21.3260,12.7241 -21.3260,5.7241 -19.1192,5.7241 -19.1192,12.7241;
ADD P2 :W0.000000  -18.6372,0.4820 -18.6372,2.6888 -21.3260,0.0000 -19.1191,0.0000 -19.1191,0.4820;
ADD P2 :W0.000000  -21.3260,0.0000 -21.3260,-7.0000 -19.1192,-7.0000 -19.1192,0.0000;
ADD P2 :W0.000000  -1.5854,5.2421 -1.5854,3.0353 1.1034,5.7241 -1.1035,5.7241 -1.1035,5.2421;
ADD P2 :W0.000000  -1.1034,12.7241 -1.1034,5.7241 1.1034,5.7241 1.1034,12.7241;
SAVE;
