UNITS MM,10000;
EDIT proj;
ADD P2 :W0.000000  0.0000,-1.1034 15.5564,-1.1034 15.5564,1.1034 0.0000,1.1034;
ADD P2 :W0.000000  0.0000,-3.5220 15.5564,-3.5220 15.5564,-1.3151 0.0000,-1.3151;
ADD P2 :W0.000000  15.5564,1.1034 15.5564,-1.1034 18.2452,1.5854 16.0383,1.5854 16.0383,1.1034;
ADD P2 :W0.000000  16.0384,8.7854 16.0384,1.5854 18.2452,1.5854 18.2452,8.7854;
ADD P2 :W0.000000  16.0384,-4.0039 18.2452,-4.0039 15.5564,-1.3151 15.5564,-3.5220 16.0384,-3.5220;
ADD P2 :W0.000000  16.0384,-4.0039 16.0384,-11.2039 18.2452,-11.2039 18.2452,-4.0039;
ADD P2 :W0.000000  -0.4820,1.5854 -2.6888,1.5854 0.0000,-1.1034 0.0000,1.1035 -0.4820,1.1035;
ADD P2 :W0.000000  -2.6888,8.7854 -2.6888,1.5854 -0.4820,1.5854 -0.4820,8.7854;
ADD P2 :W0.000000  0.0000,-3.5219 0.0000,-1.3151 -2.6888,-4.0039 -0.4819,-4.0039 -0.4819,-3.5219;
ADD P2 :W0.000000  -2.6888,-4.0039 -2.6888,-11.2039 -0.4820,-11.2039 -0.4820,-4.0039;
SAVE;
